3721.289694
1954.140875
4488.228177
5690.020296
2051.392564
4013.386445
6181.974486
4406.689985
2092.475001
2698.698980
3272.534213
3586.650775
2334.982537
4072.300041
3880.679413
6120.118313
3455.491413
2063.818525
2838.332876
4554.218275
4367.279016
6380.776970
2578.297527
2582.842258
4171.616193
3713.100222
2122.060889
4769.478369
2636.375499
4143.635505
2881.704389
3150.631061
4021.701976
1958.066005
4769.398534
3324.537650
3682.721721
3722.726683
3142.716319
1851.634206
5183.671526
4949.706355
3644.334605
5644.113584
5264.479009
2297.625858
6498.283395
4798.675134
4476.327613
2909.529441
